# Created by Octave 5.2.0, Fri Feb 18 00:40:57 2022 PST <monish@monish-VM>
# name: profile
# type: matrix
# rows: 1441
# columns: 1
 0.21781428404686753
 0.21676250160094312
 0.21571071915501872
 0.21465893670909431
 0.2136071542631699
 0.21255537181724546
 0.21322292864890713
 0.2139147870957997
 0.21460664554269224
 0.21529850398958481
 0.21599036243647735
 0.21579898969282768
 0.21558229132364279
 0.21536559295445784
 0.21514889458527292
 0.21493219621608803
 0.21324746130020469
 0.21149866660773817
 0.20974987191527164
 0.20800107722280514
 0.20625228253033859
 0.20553532539896852
 0.20487928856640858
 0.20422325173384859
 0.20356721490128865
 0.20291117806872869
 0.20449002307871461
 0.20623627496829197
 0.20798252685786933
 0.20972877874744669
 0.21147503063702405
 0.21133471192399622
 0.21102223467689035
 0.21070975742978451
 0.21039728018267867
 0.2100848029355728
 0.21071124977455336
 0.21143920192013782
 0.21216715406572229
 0.21289510621130675
 0.21362305835689122
 0.21183755770099413
 0.20973664336020525
 0.20763572901941635
 0.20553481467862747
 0.20343390033783862
 0.20335223386166942
 0.2035601806250473
 0.2037681273884252
 0.20397607415180311
 0.20418402091518095
 0.20374240464282173
 0.20319559597601111
 0.2026487873092005
 0.20210197864238988
 0.20155516997557926
 0.20141434626007534
 0.20134703422299732
 0.20127972218591933
 0.20121241014884131
 0.20114509811176332
 0.20234830541360777
 0.20380667977933625
 0.20526505414506474
 0.20672342851079323
 0.20818180287652172
 0.20740679773628079
 0.20613759798195302
 0.20486839822762523
 0.20359919847329747
 0.2023299987189697
 0.20081861444355809
 0.19924851876909586
 0.19767842309463363
 0.19610832742017137
 0.19453823174570914
 0.19436439228835728
 0.19455960733773067
 0.19475482238710404
 0.1949500374364774
 0.1951452524858508
 0.19542647750683154
 0.19573238700396869
 0.19603829650110585
 0.19634420599824301
 0.19665011549538017
 0.19567762098688674
 0.19430817911591444
 0.19293873724494215
 0.19156929537396986
 0.19019985350299756
 0.19211520175654079
 0.19513057274945669
 0.1981459437423726
 0.20116131473528853
 0.20417668572820444
 0.20347219452046852
 0.20142784773335082
 0.19938350094623314
 0.19733915415911546
 0.19529480737199778
 0.19382900890137328
 0.19258680398301667
 0.19134459906466006
 0.19010239414630342
 0.18886018922794681
 0.18920245920237896
 0.19020037396003409
 0.19119828871768918
 0.19219620347534427
 0.19319411823299937
 0.19327041257496344
 0.19293915618034058
 0.19260789978571766
 0.19227664339109474
 0.19194538699647187
 0.19207486662460924
 0.19242171914553607
 0.19276857166646294
 0.19311542418738975
 0.19346227670831662
 0.19352287443526808
 0.19343959540713246
 0.19335631637899681
 0.19327303735086115
 0.19318975832272553
 0.19316037458973639
 0.19315981187019451
 0.19315924915065269
 0.19315868643111084
 0.19315812371156901
 0.19266318606660057
 0.19188729217985961
 0.19111139829311866
 0.1903355044063777
 0.18955961051963674
 0.18919629605087243
 0.18908191218066392
 0.18896752831045538
 0.18885314444024681
 0.1887387605700383
 0.18993196314486577
 0.19196202104451632
 0.19399207894416687
 0.19602213684381739
 0.19805219474346794
 0.19812631445627055
 0.19687359890781961
 0.19562088335936867
 0.19436816781091773
 0.19311545226246682
 0.19330950863564589
 0.19454316159921778
 0.1957768145627897
 0.19701046752636159
 0.19824412048993351
 0.19847332640755103
 0.1979384131000253
 0.19740349979249955
 0.19686858648497382
 0.1963336731774481
 0.19624940622910431
 0.19652792377117118
 0.19680644131323805
 0.19708495885530489
 0.19736347639737173
 0.19801993113886143
 0.1989982420759886
 0.19997655301311579
 0.20095486395024298
 0.20193317488737014
 0.2011444537383453
 0.19876423349185912
 0.19638401324537297
 0.19400379299888681
 0.19162357275240063
 0.19133596357996935
 0.19304131733520929
 0.19474667109044921
 0.19645202484568913
 0.198157378600929
 0.19874147015623048
 0.1981964585171882
 0.19765144687814595
 0.19710643523910371
 0.19656142360006146
 0.19593399012057408
 0.19521879813471349
 0.19450360614885287
 0.19378841416299228
 0.19307322217713171
 0.19260744572372862
 0.19242249268464812
 0.19223753964556758
 0.19205258660648705
 0.19186763356740655
 0.19199701597654018
 0.19250072151484487
 0.1930044270531496
 0.19350813259145433
 0.19401183812975903
 0.19447116833042954
 0.19487459259392317
 0.19527801685741678
 0.19568144112091038
 0.19608486538440401
 0.19614930963904209
 0.19576178054853954
 0.19537425145803694
 0.19498672236753439
 0.19459919327703182
 0.19403135597151616
 0.1932089658918644
 0.19238657581221261
 0.19156418573256084
 0.19074179565290905
 0.19009549698581532
 0.18971256982272144
 0.18932964265962754
 0.18894671549653369
 0.18856378833343981
 0.18838735487513278
 0.18853833485865007
 0.18868931484216728
 0.18884029482568454
 0.18899127480920178
 0.18953833337577944
 0.19075169236245881
 0.19196505134913819
 0.19317841033581756
 0.19439176932249694
 0.19513756559513365
 0.19504810420384949
 0.19495864281256536
 0.19486918142128121
 0.19477972002999708
 0.19508454321082974
 0.19613810881143984
 0.19719167441204993
 0.19824524001266003
 0.1992988056132701
 0.19970510624952453
 0.19880325032623911
 0.19790139440295371
 0.19699953847966831
 0.19609768255638291
 0.19594926874575055
 0.19742365333160178
 0.19889803791745297
 0.20037242250330417
 0.20184680708915537
 0.20280220937818713
 0.20256454891590983
 0.20232688845363256
 0.20208922799135526
 0.20185156752907796
 0.20187176153315389
 0.20252571832200156
 0.20317967511084928
 0.20383363189969694
 0.20448758868854461
 0.20448725727780179
 0.20276424301244095
 0.20104122874708008
 0.19931821448171921
 0.19759520021635837
 0.19671039699003967
 0.19819493696741336
 0.19967947694478699
 0.20116401692216071
 0.20264855689953437
 0.20408112233890158
 0.20535556805700966
 0.20663001377511775
 0.20790445949322583
 0.20917890521133389
 0.2101598604617114
 0.21017711566879438
 0.21019437087587739
 0.2102116260829604
 0.21022888129004336
 0.21043112053284177
 0.21129108079151704
 0.21215104105019233
 0.21301100130886763
 0.21387096156754293
 0.21463434842344667
 0.21502453636694502
 0.21541472431044342
 0.21580491225394183
 0.2161951001974402
 0.2164205112347245
 0.21595086332216029
 0.21548121540959614
 0.21501156749703193
 0.21454191958446772
 0.21445179842561338
 0.21611791871529845
 0.21778403900498355
 0.2194501592946686
 0.22111627958435365
 0.22259039974337888
 0.22308409370328985
 0.22357778766320088
 0.22407148162311186
 0.22456517558302286
 0.22510101879728872
 0.22587603452463803
 0.22665105025198734
 0.22742606597933662
 0.2282010817066859
 0.22896581634131566
 0.22966517377095966
 0.23036453120060363
 0.23106388863024763
 0.23176324605989163
 0.23221985972571182
 0.23092871829200021
 0.22963757685828856
 0.22834643542457697
 0.22705529399086533
 0.22600005002335921
 0.22689286255096952
 0.22778567507857989
 0.22867848760619019
 0.22957130013380053
 0.23047530898377505
 0.23148713427133041
 0.23249895955888578
 0.23351078484644114
 0.2345226101339965
 0.23559100005848144
 0.23730865364163642
 0.2390263072247914
 0.24074396080794636
 0.24246161439110131
 0.24412014477798319
 0.2449447269226972
 0.24576930906741123
 0.24659389121212527
 0.24741847335683928
 0.24836317958160856
 0.2514861357913783
 0.25460909200114801
 0.25773204821091772
 0.26085500442068749
 0.26369310760922832
 0.2593839895378498
 0.25507487146647129
 0.25076575339509277
 0.24645663532371426
 0.24232279919867328
 0.24520024092712311
 0.24807768265557292
 0.25095512438402279
 0.25383256611247257
 0.25668557381516632
 0.25722549374629672
 0.25776541367742711
 0.25830533360855745
 0.25884525353968779
 0.25938517347081819
 0.25718452030487426
 0.25497428471551387
 0.25276404912615352
 0.25055381353679312
 0.24834357794743278
 0.25279133236132439
 0.25735713624335899
 0.26192294012539363
 0.26648874400742817
 0.27105454788946276
 0.27085213659785001
 0.27049535862795354
 0.27013858065805707
 0.2697818026881606
